# reproduction counts

a <- 19742
b <- 18856
c <- 17250
d <- 18126
e <- 18812
f <- 16576


tot <- a*2 + b*2 + c*2 + d*2*(.75) + e*2*(0.5) + f*2*(0)
tot
